
AStar Search Search Path
Search Path Colour: Red
Elapsed Time: 0.0001327991485595703
Maze Size: 20x20
Loop Percent: 15%

=============================================
{(19, 20): (20, 20),
(20, 19): (20, 20),
(18, 20): (19, 20),
(19, 19): (19, 20),
(19, 18): (19, 19),
(20, 18): (20, 19),
(18, 18): (19, 18),
(20, 17): (20, 18),
(20, 16): (20, 17),
(18, 19): (18, 18),
(20, 15): (20, 16),
(17, 20): (18, 20),
(17, 19): (18, 19),
(20, 14): (20, 15),
(16, 20): (17, 20),
(20, 13): (20, 14),
(16, 19): (16, 20),
(16, 18): (16, 19),
(17, 18): (16, 18),
(17, 17): (17, 18),
(16, 17): (17, 17),
(15, 17): (16, 17),
(20, 12): (20, 13),
(15, 16): (15, 17),
(20, 11): (20, 12),
(16, 16): (15, 16),
(17, 16): (16, 16),
(17, 15): (17, 16),
(19, 11): (20, 11),
(18, 11): (19, 11),
(18, 15): (17, 15),
(18, 16): (18, 15),
(18, 14): (18, 15),
(18, 17): (18, 16),
(19, 16): (18, 16),
(19, 17): (18, 17),}