
AStar Search Search Path
Search Path Colour: Red
Elapsed Time: 0.0017621517181396484
Maze Size: 35x35
Loop Percent: 20%

=============================================
{(34, 35): (35, 35),
(35, 34): (35, 35),
(34, 34): (35, 34),
(35, 33): (35, 34),
(34, 33): (34, 34),
(34, 32): (34, 33),
(35, 32): (34, 32),
(33, 32): (34, 32),
(33, 31): (33, 32),
(32, 31): (33, 31),
(31, 31): (32, 31),
(31, 32): (31, 31),
(30, 31): (31, 31),
(30, 32): (30, 31),
(29, 31): (30, 31),
(30, 30): (30, 31),
(29, 30): (29, 31),
(29, 29): (29, 30),
(30, 29): (29, 29),
(28, 29): (29, 29),
(31, 30): (30, 30),
(31, 29): (31, 30),
(30, 28): (30, 29),
(31, 28): (32, 28),
(29, 28): (30, 28),
(28, 28): (29, 28),
(29, 27): (29, 28),
(27, 28): (28, 28),
(27, 29): (27, 28),
(28, 27): (29, 27),
(27, 27): (28, 27),
(27, 26): (27, 27),
(27, 25): (27, 26),
(27, 24): (27, 25),
(28, 24): (27, 24),
(30, 33): (30, 32),
(29, 32): (30, 32),
(29, 33): (29, 32),
(28, 32): (29, 32),
(27, 32): (28, 32),
(27, 31): (27, 32),
(28, 31): (27, 31),
(32, 32): (31, 32),
(35, 31): (35, 32),
(34, 31): (35, 31),
(35, 30): (35, 31),
(34, 30): (34, 31),
(33, 30): (34, 30),
(33, 29): (33, 30),
(34, 29): (33, 29),
(32, 29): (33, 29),
(32, 30): (32, 29),
(32, 28): (32, 29),
(33, 28): (32, 28),
(29, 24): (28, 24),
(26, 29): (27, 29),
(26, 30): (27, 30),
(28, 30): (28, 31),
(27, 30): (28, 30),
(33, 27): (33, 28),
(34, 27): (34, 28),
(32, 27): (33, 27),
(31, 27): (32, 27),
(30, 27): (31, 27),
(29, 34): (29, 33),
(31, 33): (30, 33),
(35, 29): (34, 29),
(34, 28): (34, 29),
(30, 24): (29, 24),
(30, 34): (29, 34),
(32, 33): (31, 33),
(35, 28): (35, 29),
(35, 27): (35, 28),
(35, 26): (35, 27),
(35, 25): (35, 26),
(34, 25): (35, 25),
(35, 24): (35, 25),
(34, 26): (34, 25),
(35, 23): (35, 24),
(34, 23): (35, 23),
(35, 22): (35, 23),
(34, 24): (34, 23),
(33, 23): (34, 23),
(32, 23): (33, 23),
(33, 22): (33, 23),
(31, 23): (32, 23),
(31, 24): (31, 23),
(30, 23): (31, 23),
(29, 23): (30, 23),
(30, 22): (30, 23),
(28, 23): (29, 23),
(28, 22): (28, 23),
(29, 22): (30, 22),
(27, 22): (28, 22),
(27, 23): (27, 22),
(31, 22): (30, 22),
(34, 22): (33, 22),
(33, 21): (33, 22),
(35, 21): (35, 22),
(35, 20): (35, 21),
(26, 23): (27, 23),
(26, 24): (26, 23),
(32, 22): (31, 22),
(31, 25): (31, 24),
(34, 21): (34, 22),
(34, 20): (34, 21),
(33, 20): (34, 20),
(32, 20): (33, 20),
(31, 20): (32, 20),
(31, 21): (31, 20),
(33, 24): (34, 24),
(33, 25): (33, 24),
(33, 26): (34, 26),
(32, 26): (33, 26),
(31, 26): (32, 26),
(30, 26): (31, 26),
(29, 26): (30, 26),
(30, 25): (30, 26),
(29, 25): (29, 26),
(28, 25): (29, 25),
(28, 26): (28, 25),
(31, 34): (30, 34),
(32, 34): (32, 33),
(33, 33): (32, 33),
(26, 25): (26, 24),
(32, 21): (32, 22),
(30, 21): (31, 21),
(29, 21): (30, 21),
(30, 20): (30, 21),
(28, 21): (29, 21),
(27, 21): (28, 21),
(27, 20): (27, 21),
(26, 20): (27, 20),
(25, 20): (26, 20),
(24, 20): (25, 20),
(24, 21): (24, 20),
(23, 20): (24, 20),
(23, 19): (23, 20),
(24, 19): (23, 19),
(29, 20): (30, 20),
(29, 19): (29, 20),
(30, 19): (29, 19),
(32, 25): (33, 25),
(32, 24): (32, 25),
(32, 35): (32, 34),
(33, 34): (33, 33),
(25, 19): (24, 19),
(23, 21): (24, 21),
(22, 21): (23, 21),
(22, 22): (22, 21),
(31, 19): (30, 19),
(25, 25): (26, 25),
(24, 25): (25, 25),
(23, 25): (24, 25),
(22, 25): (23, 25),
(22, 26): (22, 25),
(33, 35): (32, 35),
(31, 35): (32, 35),
(30, 35): (31, 35),
(29, 35): (30, 35),
(28, 35): (29, 35),
(28, 34): (28, 35),
(28, 33): (28, 34),
(27, 33): (28, 33),
(27, 34): (27, 33),
(22, 23): (22, 22),
(21, 22): (22, 22),
(20, 22): (21, 22),
(20, 21): (20, 22),
(19, 21): (20, 21),
(20, 20): (20, 21),
(20, 19): (20, 20),
(20, 18): (20, 19),
(21, 18): (20, 18),
(19, 18): (20, 18),
(26, 19): (25, 19),
(25, 18): (25, 19),
(24, 18): (25, 18),
(23, 18): (24, 18),
(23, 17): (23, 18),
(23, 16): (23, 17),
(22, 16): (23, 16),
(22, 17): (22, 16),
(22, 27): (22, 26),
(21, 26): (22, 26),
(21, 27): (21, 26),
(20, 26): (21, 26),
(21, 25): (21, 26),
(19, 26): (20, 26),
(20, 25): (21, 25),
(20, 24): (20, 25),
(20, 23): (20, 24),
(21, 23): (20, 23),
(19, 23): (20, 23),
(31, 18): (31, 19),
(32, 18): (31, 18),
(27, 35): (27, 34),
(19, 19): (19, 18),
(21, 19): (21, 18),
(22, 18): (22, 17),
(19, 22): (19, 23),
(19, 20): (19, 21),
(18, 20): (19, 20),
(22, 24): (22, 23),
(27, 19): (26, 19),
(19, 27): (19, 26),
(23, 27): (22, 27),
(32, 19): (32, 18),
(32, 17): (32, 18),
(26, 35): (27, 35),
(25, 35): (26, 35),
(24, 35): (25, 35),
(23, 35): (24, 35),
(22, 35): (23, 35),
(23, 34): (23, 35),
(24, 34): (23, 34),
(18, 19): (19, 19),
(21, 20): (21, 19),
(22, 19): (22, 18),
(17, 20): (18, 20),
(23, 24): (22, 24),
(21, 24): (22, 24),
(27, 18): (27, 19),
(28, 18): (27, 18),
(26, 18): (27, 18),
(26, 17): (26, 18),
(27, 17): (26, 17),
(25, 17): (26, 17),
(24, 17): (25, 17),
(25, 16): (25, 17),
(26, 16): (25, 16),
(24, 16): (25, 16),
(24, 15): (24, 16),
(23, 15): (24, 15),
(23, 14): (23, 15),
(24, 14): (23, 14),
(22, 14): (23, 14),
(22, 15): (22, 14),
(21, 14): (22, 14),
(19, 28): (19, 27),
(20, 27): (19, 27),
(20, 28): (20, 27),
(23, 28): (23, 27),
(33, 19): (32, 19),
(24, 33): (24, 34),
(23, 33): (24, 33),
(24, 32): (24, 33),
(22, 33): (23, 33),
(22, 34): (22, 33),
(25, 32): (24, 32),
(23, 32): (24, 32),
(23, 31): (23, 32),
(24, 31): (23, 31),
(22, 31): (23, 31),
(21, 31): (22, 31),
(20, 31): (21, 31),
(20, 32): (20, 31),
(20, 30): (20, 31),
(20, 29): (20, 30),
(21, 29): (20, 29),
(21, 15): (22, 15),
(21, 16): (21, 15),
(25, 14): (24, 14),
(24, 13): (24, 14),
(24, 12): (24, 13),
(24, 11): (24, 12),
(18, 18): (18, 19),
(18, 17): (18, 18),
(17, 17): (18, 17),
(21, 21): (21, 20),
(22, 20): (21, 20),
(26, 15): (26, 16),
(27, 15): (26, 15),
(17, 21): (17, 20),
(17, 19): (17, 20),
(28, 17): (28, 18),
(27, 16): (27, 17),
(28, 19): (28, 18),
(29, 18): (28, 18),
(24, 24): (23, 24),
(21, 28): (21, 29),
(19, 29): (19, 28),
(22, 28): (22, 29),
(24, 28): (23, 28),
(21, 32): (20, 32),
(34, 19): (33, 19),
(33, 18): (33, 19),
(34, 18): (33, 18),
(33, 17): (33, 18),
(34, 17): (33, 17),
(33, 16): (33, 17),
(34, 16): (33, 16),
(33, 15): (33, 16),
(34, 15): (33, 15),
(24, 30): (24, 31),
(23, 30): (24, 30),
(22, 30): (23, 30),
(23, 29): (23, 30),
(21, 30): (22, 30),
(22, 29): (22, 30),
(21, 34): (22, 34),
(21, 35): (21, 34),
(25, 33): (25, 32),
(26, 32): (25, 32),
(21, 17): (21, 16),
(20, 16): (21, 16),
(24, 10): (24, 11),
(25, 15): (25, 14),
(25, 13): (25, 14),
(26, 13): (25, 13),
(17, 18): (17, 17),
(28, 15): (27, 15),
(17, 22): (17, 21),
(28, 20): (28, 19),
(30, 18): (29, 18),
(25, 24): (24, 24),
(34, 14): (34, 15),
(34, 13): (34, 14),
(33, 13): (34, 13),
(33, 14): (33, 13),
(33, 12): (33, 13),
(34, 12): (33, 12),
(33, 11): (33, 12),
(35, 16): (34, 16),
(35, 17): (34, 17),
(24, 29): (25, 29),
(21, 33): (21, 32),
(22, 32): (21, 32),
(35, 19): (34, 19),
(20, 35): (21, 35),
(20, 34): (20, 35),
(19, 34): (20, 34),
(26, 33): (25, 33),
(26, 31): (26, 32),
(25, 31): (26, 31),
(25, 30): (25, 31),
(25, 29): (25, 30),
(25, 28): (25, 29),
(26, 28): (25, 28),
(20, 17): (21, 17),
(19, 17): (20, 17),
(25, 10): (24, 10),
(26, 14): (26, 13),
(16, 18): (17, 18),
(28, 16): (28, 15),
(18, 22): (17, 22),
(18, 23): (18, 22),
(18, 21): (18, 22),
(32, 11): (33, 11),
(33, 10): (33, 11),
(32, 12): (32, 11),
(31, 11): (32, 11),
(30, 11): (31, 11),
(30, 12): (30, 11),
(29, 11): (30, 11),
(30, 10): (30, 11),
(29, 12): (29, 11),
(28, 11): (29, 11),
(28, 12): (28, 11),
(28, 10): (28, 11),
(27, 12): (28, 12),
(29, 13): (30, 13),
(30, 13): (31, 13),
(31, 12): (32, 12),
(34, 11): (34, 12),
(32, 14): (33, 14),
(31, 14): (32, 14),
(32, 13): (32, 14),
(31, 15): (31, 14),
(31, 13): (31, 14),
(29, 14): (29, 13),
(25, 23): (25, 24),
(25, 22): (25, 23),
(26, 22): (25, 22),
(24, 22): (25, 22),
(24, 23): (24, 22),
(35, 15): (35, 16),
(35, 14): (35, 15),
(35, 13): (35, 14),
(35, 12): (35, 13),
(35, 11): (35, 12),
(35, 18): (35, 19),
(20, 33): (21, 33),
(19, 33): (20, 33),
(26, 27): (26, 28),
(25, 27): (26, 27),
(25, 26): (25, 27),
(26, 26): (25, 26),
(24, 26): (25, 26),
(24, 27): (24, 26),
(23, 26): (24, 26),
(19, 35): (19, 34),
(26, 34): (26, 33),
(19, 16): (19, 17),
(19, 15): (19, 16),
(20, 15): (19, 15),
(20, 14): (20, 15),
(20, 13): (20, 14),
(21, 13): (20, 13),
(20, 12): (20, 13),}