
AStar Search Search Path
Search Path Colour: Red
Elapsed Time: 0.0016922950744628906
Maze Size: 25x25
Loop Percent: 20%

=============================================
{(24, 25): (25, 25),
(25, 24): (25, 25),
(23, 25): (24, 25),
(24, 24): (24, 25),
(22, 25): (23, 25),
(21, 25): (22, 25),
(22, 24): (22, 25),
(20, 25): (21, 25),
(21, 24): (22, 24),
(22, 23): (22, 24),
(23, 23): (23, 24),
(21, 23): (22, 23),
(20, 23): (21, 23),
(23, 24): (24, 24),
(25, 23): (25, 24),
(25, 22): (25, 23),
(25, 21): (25, 22),
(24, 21): (25, 21),
(23, 21): (24, 21),
(23, 20): (23, 21),
(24, 20): (23, 20),
(25, 20): (24, 20),
(20, 24): (20, 25),
(19, 25): (20, 25),
(25, 19): (25, 20),
(25, 18): (25, 19),
(25, 17): (25, 18),
(24, 17): (25, 17),
(25, 16): (25, 17),
(24, 18): (24, 17),
(24, 16): (25, 16),
(18, 25): (19, 25),
(19, 24): (19, 25),
(19, 23): (19, 24),
(19, 22): (19, 23),
(20, 22): (19, 22),
(18, 22): (19, 22),
(21, 22): (20, 22),
(21, 21): (21, 22),
(21, 20): (21, 21),
(22, 20): (21, 20),
(22, 21): (22, 20),
(22, 19): (22, 20),
(23, 19): (22, 19),
(21, 19): (22, 19),
(20, 19): (21, 19),
(23, 18): (24, 18),
(22, 18): (23, 18),
(21, 18): (22, 18),
(20, 18): (21, 18),
(18, 23): (18, 24),
(17, 22): (18, 22),
(18, 21): (18, 22),
(19, 21): (18, 21),
(18, 20): (18, 21),
(18, 19): (18, 20),
(17, 19): (18, 19),
(20, 21): (19, 21),
(20, 20): (20, 21),
(19, 20): (20, 20),
(18, 24): (18, 25),
(17, 23): (18, 23),
(19, 18): (18, 18),
(19, 19): (19, 20),
(24, 19): (23, 19),
(22, 22): (22, 21),
(17, 18): (17, 19),
(18, 18): (17, 18),
(17, 17): (17, 18),
(17, 16): (17, 17),
(16, 16): (17, 16),
(19, 17): (19, 18),
(18, 17): (19, 17),
(17, 21): (17, 22),
(17, 20): (17, 21),
(16, 20): (17, 20),
(16, 23): (17, 23),
(18, 16): (18, 17),
(18, 15): (18, 16),
(19, 15): (18, 15),
(19, 16): (19, 15),
(15, 16): (16, 16),
(23, 22): (22, 22),
(16, 21): (16, 20),
(16, 19): (16, 20),
(15, 19): (16, 19),
(16, 18): (16, 19),
(15, 18): (16, 18),
(15, 23): (16, 23),
(20, 16): (19, 16),
(20, 17): (20, 16),
(21, 16): (20, 16),
(22, 16): (21, 16),
(15, 15): (15, 16),
(16, 15): (15, 15),
(16, 14): (16, 15),
(14, 18): (15, 18),
(24, 22): (23, 22),
(15, 20): (15, 19),
(16, 22): (16, 21),
(14, 23): (15, 23),
(21, 17): (20, 17),
(22, 17): (21, 17),
(16, 13): (16, 14),
(14, 19): (14, 18),
(13, 18): (14, 18),
(24, 23): (24, 22),
(15, 21): (15, 20),
(15, 22): (16, 22),
(13, 23): (14, 23),
(23, 17): (22, 17),
(15, 13): (16, 13),
(13, 19): (13, 18),
(12, 18): (13, 18),
(14, 20): (14, 19),
(14, 22): (15, 22),
(12, 23): (13, 23),
(23, 16): (23, 17),
(23, 15): (23, 16),
(24, 15): (23, 15),
(14, 13): (15, 13),
(15, 12): (15, 13),
(11, 18): (12, 18),
(12, 19): (13, 19),
(14, 21): (14, 20),
(13, 20): (14, 20),
(13, 22): (14, 22),
(12, 24): (12, 23),
(25, 15): (24, 15),
(14, 14): (14, 13),
(13, 13): (14, 13),
(14, 15): (14, 14),
(15, 14): (14, 14),
(14, 16): (14, 15),
(14, 12): (15, 12),
(15, 11): (15, 12),
(10, 18): (11, 18),
(12, 20): (12, 19),
(13, 21): (14, 21),
(12, 22): (13, 22),
(11, 24): (12, 24),
(25, 14): (25, 15),
(13, 16): (14, 16),
(12, 13): (13, 13),
(13, 12): (13, 13),
(16, 11): (15, 11),
(15, 10): (15, 11),
(16, 12): (16, 11),
(17, 12): (16, 12),
(17, 13): (17, 12),
(17, 11): (17, 12),
(17, 14): (17, 13),
(17, 15): (17, 14),
(10, 17): (10, 18),
(11, 17): (10, 17),
(11, 16): (11, 17),
(10, 16): (11, 16),
(12, 21): (12, 22),
(11, 21): (12, 21),
(11, 23): (11, 24),
(10, 23): (11, 23),
(25, 13): (25, 14),
(18, 11): (17, 11),
(17, 10): (17, 11),
(19, 11): (18, 11),
(19, 12): (19, 11),
(20, 11): (19, 11),
(18, 12): (19, 12),
(20, 10): (20, 11),
(12, 16): (13, 16),
(12, 14): (12, 13),
(11, 13): (12, 13),
(11, 14): (12, 14),
(13, 11): (13, 12),
(16, 10): (15, 10),
(14, 10): (15, 10),
(15, 9): (15, 10),
(16, 9): (16, 10),
(10, 15): (10, 16),
(11, 15): (10, 15),
(9, 15): (10, 15),
(10, 21): (11, 21),
(9, 23): (10, 23),
(18, 13): (18, 12),
(18, 14): (18, 13),
(19, 14): (18, 14),
(20, 14): (19, 14),
(19, 13): (19, 14),
(20, 15): (20, 14),
(21, 14): (20, 14),
(21, 13): (21, 14),
(20, 9): (20, 10),
(25, 12): (25, 13),
(18, 10): (17, 10),
(19, 10): (18, 10),
(19, 9): (19, 10),
(12, 17): (12, 16),
(12, 15): (12, 16),
(13, 15): (12, 15),
(13, 14): (13, 15),
(10, 13): (11, 13),
(13, 10): (13, 11),
(14, 11): (14, 10),
(14, 9): (15, 9),
(15, 8): (15, 9),
(10, 22): (10, 21),
(9, 24): (9, 23),
(9, 22): (9, 23),
(8, 22): (9, 22),
(20, 13): (19, 13),
(20, 12): (20, 13),
(21, 9): (20, 9),
(21, 10): (21, 9),
(21, 11): (21, 10),
(22, 10): (21, 10),
(21, 12): (21, 11),
(24, 12): (25, 12),
(25, 11): (25, 12),
(23, 12): (24, 12),
(13, 17): (12, 17),
(14, 17): (13, 17),
(15, 17): (14, 17),
(16, 17): (15, 17),
(10, 14): (10, 13),
(9, 14): (10, 14),
(13, 9): (13, 10),
(15, 7): (15, 8),
(11, 22): (10, 22),
(8, 21): (8, 22),
(9, 21): (8, 21),
(8, 20): (8, 21),
(7, 20): (8, 20),
(9, 20): (9, 21),
(10, 20): (9, 20),
(11, 20): (10, 20),
(11, 19): (11, 20),
(10, 19): (11, 19),
(10, 24): (9, 24),
(10, 25): (10, 24),
(23, 10): (22, 10),
(22, 9): (22, 10),
(25, 10): (25, 11),
(8, 14): (9, 14),
(9, 13): (9, 14),
(16, 7): (15, 7),
(16, 8): (16, 7),
(16, 6): (16, 7),
(17, 8): (16, 8),
(17, 9): (17, 8),
(17, 7): (17, 8),
(18, 9): (17, 9),
(18, 8): (18, 9),
(9, 19): (10, 19),
(7, 21): (7, 20),
(6, 20): (7, 20),
(11, 25): (10, 25),
(9, 25): (10, 25),
(12, 25): (11, 25),
(13, 25): (12, 25),
(14, 25): (13, 25),
(13, 24): (13, 25),
(14, 24): (13, 24),
(15, 24): (14, 24),
(15, 25): (14, 25),
(16, 24): (15, 24),
(16, 25): (16, 24),
(22, 8): (22, 9),
(24, 10): (23, 10),
(25, 9): (25, 10),
(19, 8): (18, 8),
(20, 8): (19, 8),
(20, 7): (20, 8),
(17, 6): (16, 6),
(9, 12): (9, 13),
(15, 6): (16, 6),
(17, 25): (16, 25),
(17, 24): (17, 25),
(8, 19): (7, 19),
(6, 21): (6, 20),
(6, 19): (6, 20),
(7, 19): (6, 19),
(5, 19): (6, 19),
(7, 18): (7, 19),
(6, 18): (7, 18),
(7, 17): (7, 18),
(8, 17): (7, 17),
(8, 18): (8, 17),
(8, 25): (9, 25),
(21, 8): (22, 8),
(21, 7): (20, 7),
(24, 11): (24, 10),
(24, 9): (24, 10),
(23, 11): (24, 11),
(22, 11): (23, 11),
(22, 12): (22, 11),
(22, 13): (22, 12),
(23, 13): (22, 13),
(19, 7): (20, 7),
(22, 7): (21, 7),
(21, 6): (21, 7),
(25, 8): (25, 9),
(10, 12): (9, 12),
(11, 12): (10, 12),
(12, 12): (11, 12),
(12, 11): (12, 12),
(14, 6): (15, 6),
(15, 5): (15, 6),
(9, 18): (8, 18),
(9, 17): (9, 18),
(9, 16): (9, 17),
(8, 16): (9, 16),
(5, 18): (5, 19),
(6, 17): (6, 18),
(5, 17): (6, 17),
(4, 19): (5, 19),
(6, 22): (6, 21),
(7, 25): (8, 25),
(24, 13): (23, 13),
(22, 6): (21, 6),
(23, 7): (22, 7),
(23, 9): (24, 9),
(23, 8): (24, 8),
(18, 7): (19, 7),
(24, 8): (25, 8),
(11, 11): (12, 11),
(8, 15): (8, 16),
(7, 15): (8, 15),
(14, 7): (14, 6),
(13, 6): (14, 6),
(14, 8): (14, 7),
(13, 8): (14, 8),
(5, 16): (5, 17),
(6, 16): (5, 16),
(7, 16): (6, 16),
(6, 15): (6, 16),
(5, 15): (6, 15),
(4, 20): (4, 19),
(7, 22): (6, 22),
(7, 23): (7, 22),
(7, 24): (7, 25),
(8, 24): (7, 24),
(8, 23): (8, 24),
(24, 14): (24, 13),
(23, 14): (24, 14),
(22, 14): (23, 14),
(22, 15): (22, 14),
(21, 15): (22, 15),}