
AStar Search Search Path
Search Path Colour: Red
Elapsed Time: 0.0007452964782714844
Maze Size: 30x30
Loop Percent: 20%

=============================================
{(29, 30): (30, 30),
(30, 29): (30, 30),
(28, 30): (29, 30),
(29, 29): (29, 30),
(28, 29): (29, 29),
(27, 29): (28, 29),
(27, 30): (27, 29),
(30, 28): (30, 29),
(29, 28): (30, 28),
(29, 27): (29, 28),
(30, 27): (29, 27),
(26, 30): (27, 30),
(25, 30): (26, 30),
(26, 29): (26, 30),
(25, 29): (26, 29),
(25, 28): (25, 29),
(26, 28): (25, 28),
(24, 28): (25, 28),
(30, 26): (30, 27),
(29, 26): (30, 26),
(29, 25): (29, 26),
(29, 24): (29, 25),
(28, 24): (29, 24),
(28, 23): (28, 24),
(27, 23): (28, 23),
(27, 24): (27, 23),
(27, 22): (27, 23),
(28, 22): (27, 22),
(29, 22): (28, 22),
(27, 25): (27, 24),
(26, 27): (26, 28),
(27, 27): (26, 27),
(25, 27): (26, 27),
(25, 26): (25, 27),
(24, 26): (25, 26),
(24, 27): (24, 26),
(23, 26): (24, 26),
(22, 26): (23, 26),
(21, 26): (22, 26),
(21, 27): (21, 26),
(22, 27): (21, 27),
(20, 27): (21, 27),
(20, 26): (20, 27),
(23, 27): (24, 27),
(23, 28): (23, 27),
(30, 22): (29, 22),
(28, 25): (27, 25),
(26, 25): (27, 25),
(25, 25): (26, 25),
(26, 24): (26, 25),
(24, 25): (25, 25),
(23, 25): (24, 25),
(23, 24): (23, 25),
(24, 24): (23, 24),
(26, 23): (26, 24),
(25, 23): (26, 23),
(25, 22): (25, 23),
(26, 22): (25, 22),
(27, 28): (27, 27),
(27, 26): (27, 27),
(28, 26): (27, 26),
(26, 26): (27, 26),
(25, 24): (24, 24),
(24, 23): (24, 24),
(23, 23): (24, 23),
(23, 22): (23, 23),
(22, 22): (23, 22),
(21, 22): (22, 22),
(21, 23): (21, 22),
(26, 21): (26, 22),
(27, 21): (26, 21),
(25, 21): (26, 21),
(24, 21): (25, 21),
(24, 22): (24, 21),
(23, 21): (24, 21),
(23, 20): (23, 21),
(24, 20): (23, 20),
(23, 19): (23, 20),
(23, 29): (23, 28),
(30, 23): (30, 22),
(30, 21): (30, 22),
(28, 28): (27, 28),
(20, 23): (21, 23),
(19, 23): (20, 23),
(25, 20): (24, 20),
(28, 21): (27, 21),
(24, 29): (23, 29),
(30, 24): (30, 23),
(29, 23): (30, 23),
(28, 27): (28, 28),
(18, 23): (19, 23),
(26, 20): (25, 20),
(29, 21): (28, 21),
(24, 30): (24, 29),
(30, 25): (30, 24),
(17, 23): (18, 23),
(27, 20): (26, 20),
(29, 20): (29, 21),
(30, 20): (29, 20),
(23, 30): (24, 30),
(22, 30): (23, 30),
(21, 30): (22, 30),
(21, 29): (21, 30),
(22, 29): (21, 29),
(17, 24): (17, 23),
(28, 20): (27, 20),
(27, 19): (27, 20),
(27, 18): (27, 19),
(27, 17): (27, 18),
(28, 17): (27, 17),
(26, 17): (27, 17),
(26, 18): (26, 17),
(30, 19): (30, 20),
(29, 19): (30, 19),
(30, 18): (30, 19),
(29, 18): (29, 19),
(29, 17): (29, 18),
(30, 17): (29, 17),
(22, 28): (22, 29),
(21, 28): (22, 28),
(20, 28): (21, 28),
(19, 28): (20, 28),
(26, 19): (26, 18),
(28, 18): (28, 19),
(28, 16): (28, 17),
(29, 16): (30, 16),
(27, 16): (28, 16),
(27, 15): (27, 16),
(27, 14): (27, 15),
(26, 14): (27, 14),
(26, 15): (26, 14),
(18, 24): (17, 24),
(16, 24): (17, 24),
(18, 25): (18, 24),
(19, 24): (18, 24),
(20, 24): (19, 24),
(21, 24): (20, 24),
(30, 16): (30, 17),
(30, 15): (30, 16),
(29, 15): (29, 16),
(28, 15): (29, 15),
(28, 14): (28, 15),
(28, 13): (28, 14),
(29, 13): (28, 13),
(30, 14): (30, 15),
(29, 14): (30, 14),
(28, 19): (28, 20),
(19, 27): (19, 28),
(19, 26): (19, 27),
(19, 25): (19, 26),
(20, 25): (19, 25),
(21, 25): (20, 25),
(26, 16): (26, 15),
(30, 13): (29, 13),
(22, 24): (21, 24),
(25, 19): (26, 19),
(24, 19): (25, 19),
(24, 18): (24, 19),
(25, 18): (24, 18),
(22, 25): (21, 25),
(17, 25): (18, 25),
(16, 25): (16, 24),
(16, 23): (16, 24),
(15, 23): (16, 23),
(16, 22): (16, 23),
(15, 22): (16, 22),
(25, 16): (26, 16),
(24, 16): (25, 16),
(24, 15): (24, 16),
(25, 15): (24, 15),
(23, 15): (24, 15),
(23, 14): (23, 15),
(24, 14): (23, 14),
(22, 14): (23, 14),
(22, 15): (22, 14),
(25, 17): (25, 18),
(24, 17): (25, 17),
(23, 17): (24, 17),
(23, 18): (23, 17),
(30, 12): (30, 13),
(29, 12): (30, 12),
(28, 12): (29, 12),
(27, 12): (28, 12),
(27, 11): (27, 12),
(26, 11): (27, 11),
(25, 11): (26, 11),
(25, 10): (25, 11),
(22, 23): (22, 24),
(14, 22): (15, 22),
(15, 24): (15, 23),
(14, 23): (15, 23),
(17, 26): (17, 25),
(15, 25): (16, 25),
(21, 15): (22, 15),
(20, 15): (21, 15),
(21, 14): (21, 15),
(20, 16): (20, 15),
(20, 14): (21, 14),
(21, 13): (21, 14),
(20, 13): (20, 14),
(20, 12): (20, 13),
(19, 12): (20, 12),
(20, 11): (20, 12),}