
BFS Search Path
Search Path Colour: Yellow
Elapsed Time: 0.0015211105346679688
Maze Size: 30x30
Loop Percent: 20%

=============================================
{(29, 30): (30, 30),
(30, 29): (30, 30),
(28, 30): (29, 30),
(29, 29): (29, 30),
(30, 28): (30, 29),
(28, 29): (29, 29),
(29, 28): (30, 28),
(27, 29): (28, 29),
(29, 27): (29, 28),
(27, 30): (27, 29),
(30, 27): (29, 27),
(26, 30): (27, 30),
(30, 26): (30, 27),
(25, 30): (26, 30),
(26, 29): (26, 30),
(29, 26): (30, 26),
(25, 29): (26, 29),
(29, 25): (29, 26),
(25, 28): (25, 29),
(29, 24): (29, 25),
(26, 28): (25, 28),
(24, 28): (25, 28),
(28, 24): (29, 24),
(26, 27): (26, 28),
(28, 23): (28, 24),
(27, 27): (26, 27),
(25, 27): (26, 27),
(27, 23): (28, 23),
(27, 28): (27, 27),
(27, 26): (27, 27),
(25, 26): (25, 27),
(27, 24): (27, 23),
(27, 22): (27, 23),
(28, 28): (27, 28),
(28, 26): (27, 26),
(26, 26): (27, 26),
(24, 26): (25, 26),
(27, 25): (27, 24),
(28, 22): (27, 22),
(28, 27): (28, 28),
(28, 25): (28, 26),
(24, 27): (24, 26),
(23, 26): (24, 26),
(26, 25): (27, 25),
(29, 22): (28, 22),
(23, 27): (24, 27),
(22, 26): (23, 26),
(25, 25): (26, 25),
(26, 24): (26, 25),
(30, 22): (29, 22),
(23, 28): (23, 27),
(21, 26): (22, 26),
(24, 25): (25, 25),
(26, 23): (26, 24),
(30, 23): (30, 22),
(30, 21): (30, 22),
(23, 29): (23, 28),
(21, 27): (21, 26),
(23, 25): (24, 25),
(25, 23): (26, 23),
(30, 24): (30, 23),
(29, 23): (30, 23),
(24, 29): (23, 29),
(22, 27): (21, 27),
(20, 27): (21, 27),
(23, 24): (23, 25),
(25, 22): (25, 23),
(30, 25): (30, 24),
(24, 30): (24, 29),
(20, 26): (20, 27),
(24, 24): (23, 24),
(26, 22): (25, 22),
(23, 30): (24, 30),
(25, 24): (24, 24),
(24, 23): (24, 24),
(26, 21): (26, 22),
(22, 30): (23, 30),
(23, 23): (24, 23),
(27, 21): (26, 21),
(25, 21): (26, 21),
(21, 30): (22, 30),
(23, 22): (23, 23),
(28, 21): (27, 21),
(24, 21): (25, 21),
(21, 29): (21, 30),
(22, 22): (23, 22),
(29, 21): (28, 21),
(24, 22): (24, 21),
(23, 21): (24, 21),
(22, 29): (21, 29),
(21, 22): (22, 22),
(29, 20): (29, 21),
(23, 20): (23, 21),
(22, 28): (22, 29),
(21, 23): (21, 22),
(30, 20): (29, 20),
(24, 20): (23, 20),
(23, 19): (23, 20),
(21, 28): (22, 28),
(20, 23): (21, 23),
(30, 19): (30, 20),
(25, 20): (24, 20),
(20, 28): (21, 28),
(19, 23): (20, 23),
(29, 19): (30, 19),
(30, 18): (30, 19),
(26, 20): (25, 20),
(19, 28): (20, 28),
(18, 23): (19, 23),
(29, 18): (29, 19),
(27, 20): (26, 20),
(19, 27): (19, 28),
(17, 23): (18, 23),
(29, 17): (29, 18),
(28, 20): (27, 20),
(27, 19): (27, 20),
(19, 26): (19, 27),
(17, 24): (17, 23),
(30, 17): (29, 17),
(28, 19): (28, 20),
(27, 18): (27, 19),
(19, 25): (19, 26),
(18, 24): (17, 24),
(16, 24): (17, 24),
(30, 16): (30, 17),
(28, 18): (28, 19),
(27, 17): (27, 18),
(20, 25): (19, 25),
(18, 25): (18, 24),
(19, 24): (18, 24),
(16, 25): (16, 24),
(16, 23): (16, 24),
(29, 16): (30, 16),
(30, 15): (30, 16),
(28, 17): (28, 18),
(26, 17): (27, 17),
(21, 25): (20, 25),
(17, 25): (18, 25),
(20, 24): (19, 24),
(15, 25): (16, 25),
(15, 23): (16, 23),
(16, 22): (16, 23),
(28, 16): (29, 16),
(29, 15): (29, 16),
(30, 14): (30, 15),
(26, 18): (26, 17),
(22, 25): (21, 25),
(17, 26): (17, 25),
(21, 24): (20, 24),
(14, 25): (15, 25),
(15, 24): (15, 23),
(14, 23): (15, 23),
(15, 22): (16, 22),
(27, 16): (28, 16),
(28, 15): (29, 15),
(29, 14): (30, 14),
(26, 19): (26, 18),
(22, 24): (22, 25),
(17, 27): (17, 26),
(18, 26): (17, 26),
(14, 24): (14, 25),
(14, 22): (15, 22),
(27, 15): (27, 16),
(28, 14): (28, 15),
(25, 19): (26, 19),
(22, 23): (22, 24),
(17, 28): (17, 27),
(16, 27): (17, 27),
(18, 27): (18, 26),
(13, 22): (14, 22),
(27, 14): (27, 15),
(28, 13): (28, 14),
(24, 19): (25, 19),
(18, 28): (17, 28),
(16, 26): (16, 27),
(12, 22): (13, 22),
(13, 21): (13, 22),
(26, 14): (27, 14),
(29, 13): (28, 13),
(24, 18): (24, 19),
(18, 29): (18, 28),
(15, 26): (16, 26),
(12, 23): (12, 22),
(12, 21): (12, 22),
(14, 21): (13, 21),
(26, 15): (26, 14),
(30, 13): (29, 13),
(25, 18): (24, 18),
(19, 29): (18, 29),
(15, 27): (15, 26),
(14, 26): (15, 26),
(12, 24): (12, 23),
(11, 21): (12, 21),
(14, 20): (14, 21),
(26, 16): (26, 15),
(30, 12): (30, 13),
(25, 17): (25, 18),
(20, 29): (19, 29),
(15, 28): (15, 27),
(14, 27): (14, 26),
(13, 26): (14, 26),
(13, 24): (12, 24),
(10, 21): (11, 21),
(15, 20): (14, 20),
(25, 16): (26, 16),
(29, 12): (30, 12),
(24, 17): (25, 17),
(20, 30): (20, 29),
(16, 28): (15, 28),
(14, 28): (14, 27),
(13, 27): (14, 27),
(13, 25): (13, 26),
(13, 23): (13, 24),
(9, 21): (10, 21),
(15, 19): (15, 20),
(24, 16): (25, 16),
(28, 12): (29, 12),
(23, 17): (24, 17),
(19, 30): (20, 30),
(16, 29): (16, 28),
(13, 28): (14, 28),
(12, 27): (13, 27),
(9, 22): (9, 21),
(8, 21): (9, 21),
(14, 19): (15, 19),
(24, 15): (24, 16),
(27, 12): (28, 12),
(23, 18): (23, 17),
(18, 30): (19, 30),
(17, 29): (16, 29),
(13, 29): (13, 28),
(11, 27): (12, 27),
(10, 22): (9, 22),
(7, 21): (8, 21),
(14, 18): (14, 19),
(25, 15): (24, 15),
(23, 15): (24, 15),
(27, 11): (27, 12),
(22, 18): (23, 18),
(17, 30): (18, 30),
(12, 29): (13, 29),
(11, 28): (11, 27),
(10, 23): (10, 22),
(6, 21): (7, 21),
(15, 18): (14, 18),
(13, 18): (14, 18),
(14, 17): (14, 18),
(25, 14): (25, 15),
(23, 14): (23, 15),
(26, 11): (27, 11),
(22, 19): (22, 18),
(21, 18): (22, 18),
(16, 30): (17, 30),
(12, 30): (12, 29),
(12, 28): (11, 28),
(10, 28): (11, 28),
(10, 24): (10, 23),
(9, 23): (10, 23),
(6, 22): (6, 21),
(5, 21): (6, 21),
(16, 18): (15, 18),
(13, 17): (13, 18),
(15, 17): (14, 17),
(24, 14): (25, 14),
(25, 13): (25, 14),
(22, 14): (23, 14),
(25, 11): (26, 11),
(22, 20): (22, 19),
(21, 19): (21, 18),
(15, 30): (16, 30),
(13, 30): (12, 30),
(9, 28): (10, 28),
(10, 27): (10, 28),
(11, 24): (10, 24),
(9, 24): (10, 24),
(8, 23): (9, 23),
(7, 22): (6, 22),
(4, 21): (5, 21),
(16, 19): (16, 18),
(17, 18): (16, 18),
(13, 16): (13, 17),
(16, 17): (15, 17),
(15, 16): (15, 17),
(26, 13): (25, 13),
(24, 13): (25, 13),
(22, 15): (22, 14),
(25, 10): (25, 11),
(22, 21): (22, 20),
(21, 20): (21, 19),
(15, 29): (15, 30),
(14, 30): (13, 30),
(8, 28): (9, 28),
(9, 27): (10, 27),
(10, 26): (10, 27),
(11, 25): (11, 24),
(11, 23): (11, 24),
(8, 22): (8, 23),
(3, 21): (4, 21),
(4, 20): (4, 21),
(16, 20): (16, 19),
(17, 19): (17, 18),
(17, 17): (17, 18),
(14, 16): (13, 16),
(16, 16): (16, 17),
(27, 13): (26, 13),
(26, 12): (26, 13),
(23, 13): (24, 13),
(21, 15): (22, 15),
(26, 10): (25, 10),
(24, 10): (25, 10),
(21, 21): (22, 21),
(20, 20): (21, 20),
(14, 29): (15, 29),
(8, 29): (8, 28),
(8, 27): (8, 28),
(9, 26): (10, 26),
(10, 25): (10, 26),
(11, 26): (11, 25),
(11, 22): (11, 23),
(3, 22): (3, 21),
(2, 21): (3, 21),
(3, 20): (3, 21),
(5, 20): (4, 20),
(16, 21): (16, 20),
(17, 20): (16, 20),
(18, 19): (17, 19),
(17, 16): (17, 17),
(25, 12): (26, 12),
(23, 12): (23, 13),
(20, 15): (21, 15),
(21, 14): (21, 15),
(27, 10): (26, 10),
(23, 10): (24, 10),
(20, 21): (21, 21),
(7, 29): (8, 29),
(8, 26): (8, 27),
(9, 25): (9, 26),
(12, 26): (11, 26),
(3, 23): (3, 22),
(4, 22): (3, 22),
(2, 22): (2, 21),
(1, 21): (2, 21),
(2, 20): (3, 20),
(6, 20): (5, 20),
(15, 21): (16, 21),
(17, 21): (17, 20),
(18, 16): (17, 16),
(24, 12): (25, 12),
(23, 11): (23, 12),
(20, 16): (20, 15),
(20, 14): (21, 14),
(21, 13): (21, 14),
(28, 10): (27, 10),
(23, 9): (23, 10),
(20, 22): (20, 21),
(19, 21): (20, 21),
(6, 29): (7, 29),
(8, 25): (9, 25),
(12, 25): (12, 26),
(3, 24): (3, 23),
(5, 22): (4, 22),
(1, 22): (2, 22),
(1, 20): (1, 21),
(2, 19): (2, 20),
(7, 20): (6, 20),
(6, 19): (6, 20),
(17, 22): (17, 21),
(18, 21): (17, 21),
(18, 15): (18, 16),
(24, 11): (24, 12),
(21, 16): (20, 16),
(20, 13): (20, 14),
(22, 13): (21, 13),
(29, 10): (28, 10),
(28, 9): (28, 10),
(22, 9): (23, 9),
(19, 22): (19, 21),
(5, 29): (6, 29),
(8, 24): (8, 25),
(3, 25): (3, 24),
(5, 23): (5, 22),
(1, 23): (1, 22),
(1, 19): (1, 20),
(2, 18): (2, 19),
(8, 20): (7, 20),
(7, 19): (6, 19),
(5, 19): (6, 19),
(6, 18): (6, 19),
(18, 22): (17, 22),
(18, 20): (18, 21),
(19, 15): (18, 15),
(21, 17): (21, 16),
(20, 12): (20, 13),
(22, 12): (22, 13),
(30, 10): (29, 10),
(27, 9): (28, 9),
(21, 9): (22, 9),
(5, 30): (5, 29),
(7, 24): (8, 24),
(3, 26): (3, 25),
(5, 24): (5, 23),
(2, 23): (1, 23),
(1, 18): (1, 19),
(2, 17): (2, 18),
(9, 20): (8, 20),
(8, 19): (7, 19),
(5, 18): (5, 19),
(6, 17): (6, 18),
(19, 20): (18, 20),
(19, 16): (19, 15),
(19, 14): (19, 15),
(22, 17): (21, 17),
(20, 17): (21, 17),
(19, 12): (20, 12),
(20, 11): (20, 12),
(21, 12): (22, 12),
(22, 11): (22, 12),
(30, 11): (30, 10),
(30, 9): (30, 10),
(26, 9): (27, 9),
(21, 10): (21, 9),
(6, 30): (5, 30),
(4, 30): (5, 30),
(7, 25): (7, 24),
(7, 23): (7, 24),
(3, 27): (3, 26),
(5, 25): (5, 24),
(2, 24): (2, 23),
(1, 17): (1, 18),
(9, 19): (9, 20),
(8, 18): (8, 19),
(4, 18): (5, 18),
(5, 17): (5, 18),
(7, 17): (6, 17),
(6, 16): (6, 17),
(19, 19): (19, 20),
(19, 17): (19, 16),
(18, 14): (19, 14),
(22, 16): (22, 17),
(19, 13): (19, 12),
(18, 12): (19, 12),}