
BFS Search Path
Search Path Colour: Yellow
Elapsed Time: 0.0024919509887695312
Maze Size: 25x25
Loop Percent: 20%

=============================================
{(24, 25): (25, 25),
(25, 24): (25, 25),
(23, 25): (24, 25),
(24, 24): (24, 25),
(25, 23): (25, 24),
(22, 25): (23, 25),
(23, 24): (24, 24),
(25, 22): (25, 23),
(21, 25): (22, 25),
(22, 24): (22, 25),
(23, 23): (23, 24),
(25, 21): (25, 22),
(20, 25): (21, 25),
(21, 24): (22, 24),
(22, 23): (22, 24),
(24, 21): (25, 21),
(19, 25): (20, 25),
(20, 24): (20, 25),
(21, 23): (22, 23),
(23, 21): (24, 21),
(18, 25): (19, 25),
(19, 24): (19, 25),
(20, 23): (20, 24),
(23, 20): (23, 21),
(18, 24): (18, 25),
(19, 23): (19, 24),
(24, 20): (23, 20),
(18, 23): (18, 24),
(19, 22): (19, 23),
(25, 20): (24, 20),
(17, 23): (18, 23),
(18, 22): (18, 23),
(20, 22): (19, 22),
(25, 19): (25, 20),
(16, 23): (17, 23),
(17, 22): (18, 22),
(18, 21): (18, 22),
(21, 22): (20, 22),
(25, 18): (25, 19),
(15, 23): (16, 23),
(17, 21): (17, 22),
(19, 21): (18, 21),
(18, 20): (18, 21),
(21, 21): (21, 22),
(25, 17): (25, 18),
(14, 23): (15, 23),
(17, 20): (17, 21),
(20, 21): (19, 21),
(18, 19): (18, 20),
(21, 20): (21, 21),
(24, 17): (25, 17),
(25, 16): (25, 17),
(13, 23): (14, 23),
(16, 20): (17, 20),
(20, 20): (20, 21),
(17, 19): (18, 19),
(22, 20): (21, 20),
(24, 18): (24, 17),
(24, 16): (25, 16),
(12, 23): (13, 23),
(16, 21): (16, 20),
(16, 19): (16, 20),
(19, 20): (20, 20),
(17, 18): (17, 19),
(22, 21): (22, 20),
(22, 19): (22, 20),
(23, 18): (24, 18),
(12, 24): (12, 23),
(16, 22): (16, 21),
(15, 19): (16, 19),
(16, 18): (16, 19),
(19, 19): (19, 20),
(18, 18): (17, 18),
(17, 17): (17, 18),
(22, 22): (22, 21),
(23, 19): (22, 19),
(21, 19): (22, 19),
(22, 18): (23, 18),
(11, 24): (12, 24),
(15, 22): (16, 22),
(15, 20): (15, 19),
(15, 18): (16, 18),
(20, 19): (19, 19),
(19, 18): (18, 18),
(17, 16): (17, 17),
(23, 22): (22, 22),
(24, 19): (23, 19),
(21, 18): (22, 18),
(11, 23): (11, 24),
(14, 22): (15, 22),
(15, 21): (15, 22),
(14, 18): (15, 18),
(20, 18): (19, 18),
(19, 17): (19, 18),
(16, 16): (17, 16),
(24, 22): (23, 22),
(10, 23): (11, 23),
(13, 22): (14, 22),
(14, 19): (14, 18),
(13, 18): (14, 18),
(18, 17): (19, 17),
(15, 16): (16, 16),
(24, 23): (24, 22),
(9, 23): (10, 23),
(12, 22): (13, 22),
(14, 20): (14, 19),
(13, 19): (13, 18),
(12, 18): (13, 18),
(18, 16): (18, 17),
(15, 15): (15, 16),
(9, 24): (9, 23),
(9, 22): (9, 23),
(12, 21): (12, 22),
(14, 21): (14, 20),
(13, 20): (14, 20),
(12, 19): (13, 19),
(11, 18): (12, 18),
(18, 15): (18, 16),
(16, 15): (15, 15),
(10, 24): (9, 24),
(8, 22): (9, 22),
(13, 21): (12, 21),
(11, 21): (12, 21),
(12, 20): (13, 20),
(10, 18): (11, 18),
(19, 15): (18, 15),
(16, 14): (16, 15),
(10, 25): (10, 24),
(8, 21): (8, 22),
(10, 21): (11, 21),
(10, 17): (10, 18),
(19, 16): (19, 15),
(16, 13): (16, 14),
(11, 25): (10, 25),
(9, 25): (10, 25),
(9, 21): (8, 21),
(8, 20): (8, 21),
(10, 22): (10, 21),
(11, 17): (10, 17),
(20, 16): (19, 16),
(15, 13): (16, 13),
(12, 25): (11, 25),
(8, 25): (9, 25),
(9, 20): (9, 21),
(7, 20): (8, 20),
(11, 22): (10, 22),
(11, 16): (11, 17),
(20, 17): (20, 16),
(21, 16): (20, 16),
(14, 13): (15, 13),
(15, 12): (15, 13),
(13, 25): (12, 25),
(7, 25): (8, 25),
(10, 20): (9, 20),
(7, 21): (7, 20),
(6, 20): (7, 20),
(10, 16): (11, 16),
(21, 17): (20, 17),
(22, 16): (21, 16),
(14, 14): (14, 13),
(13, 13): (14, 13),
(14, 12): (15, 12),
(15, 11): (15, 12),
(14, 25): (13, 25),
(13, 24): (13, 25),
(7, 24): (7, 25),
(11, 20): (10, 20),
(6, 21): (6, 20),
(6, 19): (6, 20),
(10, 15): (10, 16),
(22, 17): (21, 17),
(14, 15): (14, 14),
(15, 14): (14, 14),
(12, 13): (13, 13),
(13, 12): (13, 13),
(16, 11): (15, 11),
(15, 10): (15, 11),
(15, 25): (14, 25),
(14, 24): (13, 24),
(8, 24): (7, 24),
(11, 19): (11, 20),
(6, 22): (6, 21),
(7, 19): (6, 19),
(5, 19): (6, 19),
(11, 15): (10, 15),
(9, 15): (10, 15),
(23, 17): (22, 17),
(14, 16): (14, 15),
(12, 14): (12, 13),
(11, 13): (12, 13),
(13, 11): (13, 12),
(16, 12): (16, 11),
(16, 10): (15, 10),
(14, 10): (15, 10),
(15, 9): (15, 10),
(15, 24): (15, 25),
(8, 23): (8, 24),
(10, 19): (11, 19),
(7, 22): (6, 22),
(8, 19): (7, 19),
(7, 18): (7, 19),
(4, 19): (5, 19),
(5, 18): (5, 19),
(11, 14): (11, 15),
(23, 16): (23, 17),
(13, 16): (14, 16),
(10, 13): (11, 13),
(13, 10): (13, 11),
(17, 12): (16, 12),
(16, 9): (16, 10),
(14, 11): (14, 10),
(14, 9): (15, 9),
(15, 8): (15, 9),
(16, 24): (15, 24),
(7, 23): (8, 23),
(9, 19): (10, 19),
(6, 18): (7, 18),
(7, 17): (7, 18),
(4, 20): (4, 19),
(23, 15): (23, 16),
(12, 16): (13, 16),
(10, 14): (10, 13),
(13, 9): (13, 10),
(17, 13): (17, 12),
(17, 11): (17, 12),
(15, 7): (15, 8),
(16, 25): (16, 24),
(6, 23): (7, 23),
(6, 17): (6, 18),
(8, 17): (7, 17),
(5, 20): (4, 20),
(24, 15): (23, 15),
(12, 17): (12, 16),
(12, 15): (12, 16),
(9, 14): (10, 14),
(17, 14): (17, 13),
(18, 11): (17, 11),
(17, 10): (17, 11),
(16, 7): (15, 7),
(17, 25): (16, 25),
(6, 24): (6, 23),
(5, 17): (6, 17),
(8, 18): (8, 17),
(25, 15): (24, 15),
(13, 17): (12, 17),
(13, 15): (12, 15),
(8, 14): (9, 14),
(9, 13): (9, 14),
(17, 15): (17, 14),
(19, 11): (18, 11),
(18, 10): (17, 10),
(16, 8): (16, 7),
(16, 6): (16, 7),
(17, 24): (17, 25),
(6, 25): (6, 24),
(5, 16): (5, 17),
(9, 18): (8, 18),
(25, 14): (25, 15),
(14, 17): (13, 17),
(13, 14): (13, 15),
(9, 12): (9, 13),
(19, 12): (19, 11),
(20, 11): (19, 11),
(19, 10): (18, 10),
(17, 8): (16, 8),
(17, 6): (16, 6),
(15, 6): (16, 6),
(5, 25): (6, 25),
(6, 16): (5, 16),
(9, 17): (9, 18),
(25, 13): (25, 14),
(15, 17): (14, 17),
(10, 12): (9, 12),
(18, 12): (19, 12),
(20, 10): (20, 11),
(19, 9): (19, 10),
(17, 9): (17, 8),
(17, 7): (17, 8),
(14, 6): (15, 6),
(15, 5): (15, 6),
(4, 25): (5, 25),
(5, 24): (5, 25),
(7, 16): (6, 16),
(6, 15): (6, 16),
(9, 16): (9, 17),
(25, 12): (25, 13),
(16, 17): (15, 17),
(11, 12): (10, 12),
(18, 13): (18, 12),
(20, 9): (20, 10),
(18, 9): (17, 9),
(14, 7): (14, 6),
(13, 6): (14, 6),
(3, 25): (4, 25),
(4, 24): (5, 24),
(5, 15): (6, 15),
(8, 16): (9, 16),
(24, 12): (25, 12),
(25, 11): (25, 12),
(12, 12): (11, 12),
(18, 14): (18, 13),
(21, 9): (20, 9),
(18, 8): (18, 9),
(14, 8): (14, 7),
(13, 7): (13, 6),
(13, 5): (13, 6),
(2, 25): (3, 25),
(4, 23): (4, 24),
(4, 15): (5, 15),
(8, 15): (8, 16),
(23, 12): (24, 12),
(25, 10): (25, 11),
(12, 11): (12, 12),
(19, 14): (18, 14),
(21, 10): (21, 9),
(19, 8): (18, 8),
(13, 8): (14, 8),
(14, 5): (13, 5),
(1, 25): (2, 25),
(5, 23): (4, 23),
(3, 15): (4, 15),
(7, 15): (8, 15),
(25, 9): (25, 10),
(11, 11): (12, 11),
(20, 14): (19, 14),
(19, 13): (19, 14),
(21, 11): (21, 10),
(22, 10): (21, 10),
(20, 8): (19, 8),
(12, 8): (13, 8),
(14, 4): (14, 5),
(1, 24): (1, 25),
(5, 22): (5, 23),
(3, 14): (3, 15),
(7, 14): (7, 15),
(25, 8): (25, 9),
(10, 11): (11, 11),
(20, 15): (20, 14),
(21, 14): (20, 14),
(20, 13): (19, 13),
(21, 12): (21, 11),
(23, 10): (22, 10),
(22, 9): (22, 10),
(20, 7): (20, 8),
(12, 9): (12, 8),
(12, 7): (12, 8),
(15, 4): (14, 4),
(2, 24): (1, 24),
(5, 21): (5, 22),
(4, 14): (3, 14),
(2, 14): (3, 14),
(7, 13): (7, 14),
(24, 8): (25, 8),
(9, 11): (10, 11),
(10, 10): (10, 11),
(21, 13): (21, 14),
(20, 12): (20, 13),
(24, 10): (23, 10),
(22, 8): (22, 9),
(21, 7): (20, 7),
(19, 7): (20, 7),
(12, 10): (12, 9),
(11, 9): (12, 9),
(11, 7): (12, 7),
(16, 4): (15, 4),
(15, 3): (15, 4),
(2, 23): (2, 24),
(4, 21): (5, 21),
(5, 14): (4, 14),
(2, 15): (2, 14),
(8, 13): (7, 13),
(7, 12): (7, 13),
(23, 8): (24, 8),
(8, 11): (9, 11),
(11, 10): (10, 10),
(10, 9): (10, 10),
(24, 11): (24, 10),
(24, 9): (24, 10),
(21, 8): (22, 8),
(22, 7): (21, 7),
(21, 6): (21, 7),
(18, 7): (19, 7),
(11, 8): (11, 9),
(16, 5): (16, 4),
(16, 3): (16, 4),
(15, 2): (15, 3),
(1, 23): (2, 23),
(3, 21): (4, 21),
(5, 13): (5, 14),
(8, 12): (8, 13),
(6, 12): (7, 12),
(7, 11): (7, 12),
(23, 9): (23, 8),
(9, 9): (10, 9),
(23, 11): (24, 11),
(23, 7): (22, 7),
(22, 6): (21, 6),
(18, 6): (18, 7),
(17, 5): (16, 5),
(16, 2): (16, 3),
(14, 2): (15, 2),
(1, 22): (1, 23),
(3, 20): (3, 21),
(6, 13): (5, 13),
(4, 13): (5, 13),
(6, 11): (7, 11),
(9, 8): (9, 9),
(22, 11): (23, 11),
(24, 7): (23, 7),
(23, 6): (23, 7),
(22, 5): (22, 6),
(19, 6): (18, 6),
(18, 5): (17, 5),
(17, 2): (16, 2),
(14, 1): (14, 2),
(1, 21): (1, 22),
(3, 19): (3, 20),
(6, 14): (6, 13),
(4, 12): (4, 13),
(5, 11): (6, 11),
(6, 10): (6, 11),
(8, 8): (9, 8),
(22, 12): (22, 11),
(25, 7): (24, 7),
(24, 6): (23, 6),
(21, 5): (22, 5),
(19, 5): (19, 6),
(17, 1): (17, 2),
(15, 1): (14, 1),
(1, 20): (1, 21),
(3, 18): (3, 19),
(5, 12): (4, 12),
(3, 12): (4, 12),
(4, 11): (5, 11),
(7, 10): (6, 10),
(5, 10): (6, 10),
(8, 9): (8, 8),
(22, 13): (22, 12),
(25, 6): (25, 7),
(24, 5): (24, 6),
(20, 5): (21, 5),
(18, 1): (17, 1),
(16, 1): (17, 1),
(1, 19): (1, 20),
(4, 18): (3, 18),
(3, 13): (3, 12),
(3, 11): (3, 12),
(4, 10): (4, 11),
(8, 10): (7, 10),
(5, 9): (5, 10),
(23, 13): (22, 13),
(25, 5): (25, 6),
(23, 5): (24, 5),
(20, 6): (20, 5),
(20, 4): (20, 5),
(18, 2): (18, 1),
(19, 1): (18, 1),
(1, 18): (1, 19),
(4, 17): (4, 18),
(2, 13): (3, 13),
(2, 11): (3, 11),
(9, 10): (8, 10),
(6, 9): (5, 9),
(24, 13): (23, 13),
(25, 4): (25, 5),
(23, 4): (23, 5),
(21, 4): (20, 4),
(19, 4): (20, 4),
(18, 3): (18, 2),
(19, 2): (18, 2),
(20, 1): (19, 1),
(2, 18): (1, 18),
(4, 16): (4, 17),
(2, 12): (2, 13),
(1, 11): (2, 11),
(6, 8): (6, 9),
(24, 14): (24, 13),
(25, 3): (25, 4),
(23, 3): (23, 4),
(22, 4): (21, 4),
(21, 3): (21, 4),
(18, 4): (19, 4),
(19, 3): (18, 3),
(20, 2): (19, 2),
(21, 1): (20, 1),
(2, 19): (2, 18),
(2, 17): (2, 18),
(3, 16): (4, 16),
(1, 12): (2, 12),
(5, 8): (6, 8),
(6, 7): (6, 8),
(23, 14): (24, 14),
(24, 3): (25, 3),
(22, 3): (23, 3),
(20, 3): (21, 3),
(17, 4): (18, 4),
(21, 2): (21, 1),
(2, 20): (2, 19),
(3, 17): (2, 17),
(1, 17): (2, 17),
(2, 16): (3, 16),
(1, 13): (1, 12),
(4, 8): (5, 8),
(5, 7): (6, 7),
(22, 14): (23, 14),
(24, 4): (24, 3),
(24, 2): (24, 3),
(22, 2): (22, 3),
(17, 3): (17, 4),
(2, 21): (2, 20),
(1, 16): (2, 16),
(1, 14): (1, 13),
(4, 9): (4, 8),
(3, 8): (4, 8),
(4, 7): (5, 7),
(22, 15): (22, 14),
(24, 1): (24, 2),
(2, 22): (2, 21),
(1, 15): (1, 16),
(3, 9): (4, 9),
(2, 8): (3, 8),
(3, 7): (3, 8),
(4, 6): (4, 7),
(21, 15): (22, 15),
(25, 1): (24, 1),
(23, 1): (24, 1),
(3, 22): (2, 22),
(3, 10): (3, 9),
(2, 9): (3, 9),
(3, 6): (3, 7),
(5, 6): (4, 6),}