
BFS Search Path
Search Path Colour: Yellow
Elapsed Time: 0.00015735626220703125
Maze Size: 20x20
Loop Percent: 15%

=============================================
{(19, 20): (20, 20),
(20, 19): (20, 20),
(18, 20): (19, 20),
(19, 19): (19, 20),
(20, 18): (20, 19),
(17, 20): (18, 20),
(19, 18): (19, 19),
(20, 17): (20, 18),
(16, 20): (17, 20),
(18, 18): (19, 18),
(20, 16): (20, 17),
(16, 19): (16, 20),
(18, 19): (18, 18),
(20, 15): (20, 16),
(16, 18): (16, 19),
(17, 19): (18, 19),
(20, 14): (20, 15),
(17, 18): (16, 18),
(20, 13): (20, 14),
(17, 17): (17, 18),
(20, 12): (20, 13),
(16, 17): (17, 17),
(20, 11): (20, 12),
(15, 17): (16, 17),
(19, 11): (20, 11),
(15, 16): (15, 17),
(18, 11): (19, 11),
(16, 16): (15, 16),
(17, 11): (18, 11),
(17, 16): (16, 16),
(17, 12): (17, 11),
(17, 15): (17, 16),
(17, 13): (17, 12),
(18, 15): (17, 15),
(17, 14): (17, 13),
(18, 13): (17, 13),
(18, 16): (18, 15),
(18, 14): (18, 15),
(16, 14): (17, 14),
(18, 12): (18, 13),
(18, 17): (18, 16),
(19, 16): (18, 16),
(19, 14): (18, 14),
(15, 14): (16, 14),
(16, 13): (16, 14),
(19, 12): (18, 12),
(19, 17): (18, 17),
(19, 15): (19, 16),
(15, 15): (15, 14),
(14, 14): (15, 14),
(15, 13): (15, 14),
(16, 12): (16, 13),
(19, 13): (19, 12),}