
BFS Search Path
Search Path Colour: Yellow
Elapsed Time: 0.0025479793548583984
Maze Size: 35x35
Loop Percent: 20%

=============================================
{(34, 35): (35, 35),
(35, 34): (35, 35),
(34, 34): (35, 34),
(35, 33): (35, 34),
(34, 33): (34, 34),
(34, 32): (34, 33),
(35, 32): (34, 32),
(33, 32): (34, 32),
(35, 31): (35, 32),
(33, 31): (33, 32),
(34, 31): (35, 31),
(35, 30): (35, 31),
(32, 31): (33, 31),
(34, 30): (34, 31),
(31, 31): (32, 31),
(33, 30): (34, 30),
(31, 32): (31, 31),
(30, 31): (31, 31),
(33, 29): (33, 30),
(32, 32): (31, 32),
(30, 32): (30, 31),
(29, 31): (30, 31),
(30, 30): (30, 31),
(34, 29): (33, 29),
(32, 29): (33, 29),
(30, 33): (30, 32),
(29, 32): (30, 32),
(29, 30): (29, 31),
(31, 30): (30, 30),
(35, 29): (34, 29),
(34, 28): (34, 29),
(32, 30): (32, 29),
(32, 28): (32, 29),
(31, 33): (30, 33),
(29, 33): (29, 32),
(28, 32): (29, 32),
(29, 29): (29, 30),
(31, 29): (31, 30),
(35, 28): (35, 29),
(34, 27): (34, 28),
(33, 28): (32, 28),
(31, 28): (32, 28),
(32, 33): (31, 33),
(29, 34): (29, 33),
(27, 32): (28, 32),
(30, 29): (29, 29),
(28, 29): (29, 29),
(35, 27): (35, 28),
(33, 27): (34, 27),
(30, 28): (31, 28),
(32, 34): (32, 33),
(33, 33): (32, 33),
(30, 34): (29, 34),
(27, 31): (27, 32),
(35, 26): (35, 27),
(32, 27): (33, 27),
(29, 28): (30, 28),
(32, 35): (32, 34),
(31, 34): (32, 34),
(33, 34): (33, 33),
(28, 31): (27, 31),
(35, 25): (35, 26),
(31, 27): (32, 27),
(28, 28): (29, 28),
(29, 27): (29, 28),
(33, 35): (32, 35),
(31, 35): (32, 35),
(28, 30): (28, 31),
(34, 25): (35, 25),
(35, 24): (35, 25),
(30, 27): (31, 27),
(27, 28): (28, 28),
(28, 27): (29, 27),
(30, 35): (31, 35),
(27, 30): (28, 30),
(34, 26): (34, 25),
(35, 23): (35, 24),
(27, 29): (27, 28),
(27, 27): (28, 27),
(29, 35): (30, 35),
(26, 30): (27, 30),
(33, 26): (34, 26),
(34, 23): (35, 23),
(35, 22): (35, 23),
(26, 29): (27, 29),
(27, 26): (27, 27),
(28, 35): (29, 35),
(32, 26): (33, 26),
(34, 24): (34, 23),
(33, 23): (34, 23),
(35, 21): (35, 22),
(27, 25): (27, 26),
(28, 34): (28, 35),
(31, 26): (32, 26),
(33, 24): (34, 24),
(32, 23): (33, 23),
(33, 22): (33, 23),
(35, 20): (35, 21),
(27, 24): (27, 25),
(28, 33): (28, 34),
(30, 26): (31, 26),
(33, 25): (33, 24),
(31, 23): (32, 23),
(34, 22): (33, 22),
(33, 21): (33, 22),
(28, 24): (27, 24),
(27, 33): (28, 33),
(29, 26): (30, 26),
(30, 25): (30, 26),
(32, 25): (33, 25),
(31, 24): (31, 23),
(30, 23): (31, 23),
(34, 21): (34, 22),
(29, 24): (28, 24),
(27, 34): (27, 33),
(29, 25): (29, 26),
(31, 25): (30, 25),
(32, 24): (32, 25),
(30, 24): (30, 23),
(29, 23): (30, 23),
(30, 22): (30, 23),
(34, 20): (34, 21),
(27, 35): (27, 34),
(28, 25): (29, 25),
(28, 23): (29, 23),
(31, 22): (30, 22),
(29, 22): (30, 22),
(33, 20): (34, 20),
(26, 35): (27, 35),
(28, 26): (28, 25),
(28, 22): (28, 23),
(32, 22): (31, 22),
(32, 20): (33, 20),
(25, 35): (26, 35),
(27, 22): (28, 22),
(32, 21): (32, 22),
(31, 20): (32, 20),
(24, 35): (25, 35),
(27, 23): (27, 22),
(31, 21): (32, 21),
(23, 35): (24, 35),
(26, 23): (27, 23),
(30, 21): (31, 21),
(22, 35): (23, 35),
(23, 34): (23, 35),
(26, 24): (26, 23),
(29, 21): (30, 21),
(30, 20): (30, 21),
(24, 34): (23, 34),
(26, 25): (26, 24),
(28, 21): (29, 21),
(29, 20): (30, 20),
(24, 33): (24, 34),
(25, 25): (26, 25),
(27, 21): (28, 21),
(29, 19): (29, 20),
(23, 33): (24, 33),
(24, 32): (24, 33),
(24, 25): (25, 25),
(27, 20): (27, 21),
(30, 19): (29, 19),
(22, 33): (23, 33),
(25, 32): (24, 32),
(23, 32): (24, 32),
(23, 25): (24, 25),
(26, 20): (27, 20),
(31, 19): (30, 19),
(22, 34): (22, 33),
(25, 33): (25, 32),
(26, 32): (25, 32),
(23, 31): (23, 32),
(22, 25): (23, 25),
(25, 20): (26, 20),
(31, 18): (31, 19),
(21, 34): (22, 34),
(26, 33): (25, 33),
(26, 31): (26, 32),
(24, 31): (23, 31),
(22, 31): (23, 31),
(22, 26): (22, 25),
(24, 20): (25, 20),
(32, 18): (31, 18),
(21, 35): (21, 34),
(26, 34): (26, 33),
(25, 31): (26, 31),
(24, 30): (24, 31),
(21, 31): (22, 31),
(22, 27): (22, 26),
(21, 26): (22, 26),
(24, 21): (24, 20),
(23, 20): (24, 20),
(32, 19): (32, 18),
(32, 17): (32, 18),
(20, 35): (21, 35),
(25, 34): (26, 34),
(25, 30): (25, 31),
(23, 30): (24, 30),
(20, 31): (21, 31),
(23, 27): (22, 27),
(21, 27): (21, 26),
(20, 26): (21, 26),
(21, 25): (21, 26),
(23, 21): (24, 21),
(23, 19): (23, 20),
(33, 19): (32, 19),
(20, 34): (20, 35),
(25, 29): (25, 30),
(22, 30): (23, 30),
(23, 29): (23, 30),
(20, 32): (20, 31),
(20, 30): (20, 31),
(23, 28): (23, 27),
(19, 26): (20, 26),
(20, 25): (21, 25),
(22, 21): (23, 21),
(24, 19): (23, 19),
(34, 19): (33, 19),
(33, 18): (33, 19),
(19, 34): (20, 34),
(24, 29): (25, 29),
(25, 28): (25, 29),
(21, 30): (22, 30),
(22, 29): (22, 30),
(21, 32): (20, 32),
(20, 29): (20, 30),
(24, 28): (23, 28),
(19, 27): (19, 26),
(20, 24): (20, 25),
(22, 22): (22, 21),
(25, 19): (24, 19),
(35, 19): (34, 19),
(34, 18): (33, 18),
(33, 17): (33, 18),
(19, 35): (19, 34),
(26, 28): (25, 28),
(22, 28): (22, 29),
(21, 33): (21, 32),
(22, 32): (21, 32),
(21, 29): (20, 29),
(19, 28): (19, 27),
(20, 27): (19, 27),
(20, 23): (20, 24),
(22, 23): (22, 22),
(21, 22): (22, 22),
(26, 19): (25, 19),
(25, 18): (25, 19),
(35, 18): (35, 19),
(34, 17): (33, 17),
(33, 16): (33, 17),
(18, 35): (19, 35),
(26, 27): (26, 28),
(21, 28): (22, 28),
(20, 33): (21, 33),
(19, 29): (19, 28),
(20, 28): (20, 27),
(21, 23): (20, 23),
(19, 23): (20, 23),
(22, 24): (22, 23),
(20, 22): (21, 22),
(27, 19): (26, 19),
(24, 18): (25, 18),
(35, 17): (35, 18),
(34, 16): (33, 16),
(33, 15): (33, 16),
(17, 35): (18, 35),
(18, 34): (18, 35),
(25, 27): (26, 27),
(19, 33): (20, 33),
(19, 22): (19, 23),
(23, 24): (22, 24),
(21, 24): (22, 24),
(20, 21): (20, 22),
(27, 18): (27, 19),
(23, 18): (24, 18),
(35, 16): (34, 16),
(34, 15): (33, 15),
(16, 35): (17, 35),
(17, 34): (18, 34),
(25, 26): (25, 27),
(18, 33): (19, 33),
(19, 32): (19, 33),
(19, 21): (19, 22),
(24, 24): (23, 24),
(20, 20): (20, 21),
(28, 18): (27, 18),
(26, 18): (27, 18),
(23, 17): (23, 18),
(35, 15): (35, 16),
(34, 14): (34, 15),
(15, 35): (16, 35),
(17, 33): (17, 34),
(26, 26): (25, 26),
(24, 26): (25, 26),
(19, 20): (19, 21),
(25, 24): (24, 24),
(20, 19): (20, 20),
(28, 19): (28, 18),
(29, 18): (28, 18),
(28, 17): (28, 18),
(26, 17): (26, 18),
(23, 16): (23, 17),
(35, 14): (35, 15),
(34, 13): (34, 14),
(14, 35): (15, 35),
(15, 34): (15, 35),
(17, 32): (17, 33),
(24, 27): (24, 26),
(23, 26): (24, 26),
(18, 20): (19, 20),
(25, 23): (25, 24),
(20, 18): (20, 19),
(28, 20): (28, 19),
(30, 18): (29, 18),
(27, 17): (28, 17),
(25, 17): (26, 17),
(22, 16): (23, 16),
(35, 13): (35, 14),
(33, 13): (34, 13),
(13, 35): (14, 35),
(16, 34): (15, 34),
(14, 34): (15, 34),
(18, 32): (17, 32),
(17, 20): (18, 20),
(25, 22): (25, 23),
(21, 18): (20, 18),
(19, 18): (20, 18),
(27, 16): (27, 17),
(24, 17): (25, 17),
(25, 16): (25, 17),
(22, 17): (22, 16),
(35, 12): (35, 13),
(33, 14): (33, 13),
(33, 12): (33, 13),
(13, 34): (13, 35),
(16, 33): (16, 34),
(14, 33): (14, 34),
(18, 31): (18, 32),
(17, 21): (17, 20),
(17, 19): (17, 20),
(26, 22): (25, 22),
(24, 22): (25, 22),
(21, 19): (21, 18),
(19, 19): (19, 18),
(26, 16): (25, 16),
(24, 16): (25, 16),
(22, 18): (22, 17),
(35, 11): (35, 12),
(32, 14): (33, 14),
(34, 12): (33, 12),
(33, 11): (33, 12),
(13, 33): (13, 34),
(15, 33): (16, 33),
(16, 32): (16, 33),
(14, 32): (14, 33),
(19, 31): (18, 31),
(17, 22): (17, 21),
(26, 21): (26, 22),
(24, 23): (24, 22),
(21, 20): (21, 19),
(18, 19): (19, 19),
(26, 15): (26, 16),
(24, 15): (24, 16),
(22, 19): (22, 18),
(35, 10): (35, 11),
(31, 14): (32, 14),
(32, 13): (32, 14),
(34, 11): (34, 12),
(32, 11): (33, 11),
(33, 10): (33, 11),
(13, 32): (13, 33),
(15, 32): (15, 33),
(16, 31): (16, 32),
(19, 30): (19, 31),
(18, 22): (17, 22),
(25, 21): (26, 21),
(23, 23): (24, 23),
(21, 21): (21, 20),
(22, 20): (21, 20),
(18, 18): (18, 19),
(27, 15): (26, 15),
(23, 15): (24, 15),
(34, 10): (35, 10),
(35, 9): (35, 10),
(31, 15): (31, 14),
(31, 13): (31, 14),
(32, 12): (32, 11),
(31, 11): (32, 11),
(32, 10): (33, 10),
(13, 31): (13, 32),
(15, 31): (16, 31),
(18, 30): (19, 30),
(18, 23): (18, 22),
(18, 21): (18, 22),
(23, 22): (23, 23),
(18, 17): (18, 18),
(28, 15): (27, 15),
(23, 14): (23, 15),
(34, 9): (34, 10),
(32, 15): (31, 15),
(30, 13): (31, 13),
(31, 12): (32, 12),
(30, 11): (31, 11),
(31, 10): (32, 10),
(12, 31): (13, 31),
(14, 31): (15, 31),
(18, 29): (18, 30),
(18, 24): (18, 23),
(17, 23): (18, 23),
(17, 17): (18, 17),
(28, 16): (28, 15),
(24, 14): (23, 14),
(22, 14): (23, 14),
(34, 8): (34, 9),
(32, 16): (32, 15),
(29, 13): (30, 13),
(30, 12): (30, 13),
(29, 11): (30, 11),
(30, 10): (30, 11),
(31, 9): (31, 10),
(12, 32): (12, 31),
(11, 31): (12, 31),
(14, 30): (14, 31),
(18, 28): (18, 29),
(18, 25): (18, 24),
(17, 18): (17, 17),
(29, 16): (28, 16),
(25, 14): (24, 14),
(24, 13): (24, 14),
(22, 15): (22, 14),
(21, 14): (22, 14),
(35, 8): (34, 8),
(31, 16): (32, 16),
(29, 14): (29, 13),
(29, 12): (29, 13),
(28, 11): (29, 11),
(29, 10): (30, 10),
(30, 9): (30, 10),
(32, 9): (31, 9),
(12, 33): (12, 32),
(11, 30): (11, 31),
(14, 29): (14, 30),
(17, 28): (18, 28),
(19, 25): (18, 25),
(16, 18): (17, 18),
(29, 17): (29, 16),
(25, 15): (25, 14),
(25, 13): (25, 14),
(24, 12): (24, 13),
(21, 15): (22, 15),
(35, 7): (35, 8),
(31, 17): (31, 16),
(29, 15): (29, 14),
(28, 14): (29, 14),
(28, 12): (28, 11),
(28, 10): (28, 11),
(30, 8): (30, 9),
(33, 9): (32, 9),
(11, 33): (12, 33),
(12, 30): (11, 30),
(10, 30): (11, 30),
(13, 29): (14, 29),
(17, 29): (17, 28),
(17, 27): (17, 28),
(19, 24): (19, 25),
(16, 19): (16, 18),
(30, 17): (29, 17),
(26, 13): (25, 13),
(24, 11): (24, 12),
(21, 16): (21, 15),
(34, 7): (35, 7),
(30, 15): (29, 15),
(28, 13): (28, 14),
(27, 12): (28, 12),
(28, 9): (28, 10),
(31, 8): (30, 8),
(30, 7): (30, 8),
(33, 8): (33, 9),
(10, 33): (11, 33),
(11, 32): (11, 33),
(13, 30): (12, 30),
(12, 29): (12, 30),
(10, 31): (10, 30),
(13, 28): (13, 29),
(17, 30): (17, 29),
(16, 29): (17, 29),
(18, 27): (17, 27),
(16, 20): (16, 19),
(26, 14): (26, 13),
(24, 10): (24, 11),
(21, 17): (21, 16),
(20, 16): (21, 16),
(33, 7): (34, 7),
(34, 6): (34, 7),
(30, 16): (30, 15),
(30, 14): (30, 15),
(27, 13): (28, 13),
(29, 9): (28, 9),
(32, 8): (31, 8),
(31, 7): (31, 8),
(29, 7): (30, 7),
(10, 32): (11, 32),
(12, 28): (12, 29),
(14, 28): (13, 28),
(13, 27): (13, 28),
(17, 31): (17, 30),
(16, 30): (17, 30),
(16, 28): (16, 29),
(18, 26): (18, 27),
(16, 21): (16, 20),
(27, 14): (26, 14),
(25, 10): (24, 10),
(20, 17): (21, 17),
(32, 7): (33, 7),
(35, 6): (34, 6),
(29, 8): (29, 9),
(31, 6): (31, 7),
(28, 7): (29, 7),
(9, 32): (10, 32),
(11, 28): (12, 28),
(15, 28): (14, 28),
(12, 27): (13, 27),
(15, 30): (16, 30),
(16, 27): (16, 28),
(17, 26): (18, 26),
(16, 22): (16, 21),
(25, 11): (25, 10),
(26, 10): (25, 10),
(19, 17): (20, 17),
(35, 5): (35, 6),
(28, 8): (29, 8),
(30, 6): (31, 6),
(9, 33): (9, 32),
(8, 32): (9, 32),
(11, 29): (11, 28),
(15, 29): (15, 28),
(11, 27): (12, 27),
(16, 26): (16, 27),
(17, 25): (17, 26),
(15, 22): (16, 22),
(25, 12): (25, 11),
(27, 10): (26, 10),
(26, 9): (26, 10),
(19, 16): (19, 17),
(34, 5): (35, 5),
(27, 8): (28, 8),
(29, 6): (30, 6),
(9, 34): (9, 33),
(8, 33): (8, 32),
(10, 29): (11, 29),
(11, 26): (11, 27),
(15, 26): (16, 26),
(16, 25): (16, 26),
(17, 24): (17, 25),
(14, 22): (15, 22),
(26, 12): (25, 12),
(27, 11): (27, 10),
(26, 8): (26, 9),
(19, 15): (19, 16),
(34, 4): (34, 5),
(27, 9): (27, 8),
(28, 6): (29, 6),
(10, 34): (9, 34),
(7, 33): (8, 33),
(10, 28): (10, 29),
(12, 26): (11, 26),
(15, 25): (15, 26),
(16, 24): (17, 24),
(14, 23): (14, 22),
(26, 11): (26, 12),
(26, 7): (26, 8),
(20, 15): (19, 15),
(35, 4): (34, 4),
(28, 5): (28, 6),
(10, 35): (10, 34),
(11, 34): (10, 34),
(7, 34): (7, 33),
(9, 28): (10, 28),
(13, 26): (12, 26),
(14, 25): (15, 25),
(15, 24): (15, 25),
(16, 23): (16, 24),
(15, 23): (14, 23),
(27, 7): (26, 7),
(25, 7): (26, 7),
(20, 14): (20, 15),
(35, 3): (35, 4),
(28, 4): (28, 5),
(11, 35): (10, 35),
(9, 35): (10, 35),
(12, 34): (11, 34),
(8, 34): (7, 34),
(6, 34): (7, 34),
(9, 27): (9, 28),
(14, 26): (13, 26),
(13, 25): (13, 26),
(14, 24): (14, 25),
(27, 6): (27, 7),
(25, 8): (25, 7),
(24, 7): (25, 7),
(20, 13): (20, 14),
(34, 3): (35, 3),
(35, 2): (35, 3),
(27, 4): (28, 4),
(12, 35): (11, 35),
(8, 35): (9, 35),
(6, 33): (6, 34),
(10, 27): (9, 27),
(14, 27): (14, 26),
(12, 25): (13, 25),
(13, 24): (14, 24),
(27, 5): (27, 6),
(25, 9): (25, 8),
(24, 8): (25, 8),
(23, 7): (24, 7),
(24, 6): (24, 7),
(21, 13): (20, 13),
(20, 12): (20, 13),
(33, 3): (34, 3),
(34, 2): (35, 2),
(7, 35): (8, 35),
(6, 32): (6, 33),
(10, 26): (10, 27),
(15, 27): (14, 27),
(11, 25): (12, 25),
(12, 24): (13, 24),
(13, 23): (13, 24),
(24, 9): (25, 9),
(23, 8): (24, 8),
(25, 6): (24, 6),
(22, 13): (21, 13),
(21, 12): (21, 13),}